1 2
1 3
1 4
1 5
2 6
2 7
2 8
3 9
3 10
3 11
4 12
4 13
4 14
5 15
5 16
5 17
6 7
6 18
6 19
7 8
7 20
7 21
8 22
8 23
8 24
9 25
9 26
9 27
10 28
10 29
10 30
11 31
11 32
11 33
12 34
12 35
12 36
13 37
13 38
13 39
14 40
14 41
14 42
15 43
15 44
15 45
16 46
16 47
16 48
17 49
17 50
18 19
18 20
18 21
19 20
19 22
20 21
21 23
22 23
22 24
23 24
25 26
25 27
25 28
26 27
26 29
27 30
28 29
28 31
29 30
30 32
31 32
31 33
32 33
34 35
34 36
34 37
35 36
35 38
36 37
36 39
37 40
38 39
38 41
39 40
39 42
40 41
40 43
41 42
41 44
42 43
42 45
43 44
43 46
44 45
44 47
45 46
45 48
46 47
46 49
47 48
47 50
48 49
49 50